#
# Members of the chilean political parties
#
# Published by iVicentico
# 

# date, MAS , PNR , PR , CU , USI-PMC , PDD , UDL , PC , PeCh , PSD , FOI
#----------------

2009-08-26,121,105,48,40,42,0,0,0,0,0,0
2009-08-27,119,103,46,38,43,0,0,0,0,0,0
2009-08-28,115,103,46,36,43,0,0,0,0,0,0
2009-08-29,114,103,45,35,41,0,0,0,0,0,0
2009-08-30,110,102,44,35,40,0,0,0,0,0,0
2009-08-31,113,102,45,37,40,0,0,0,0,0,0
2009-09-01,107,103,41,41,41,0,0,0,0,0,0
2009-09-02,105,103,40,42,41,0,0,0,0,0,0
2009-09-03,102,101,40,42,41,0,0,0,0,0,0
2009-09-04,101,102,37,43,42,0,0,0,0,0,0
2009-09-05,103,101,38,43,42,0,0,0,0,0,0
2009-09-06,99,100,37,41,41,0,0,0,0,0,0
2009-09-07,102,100,37,40,43,0,0,0,0,0,0
2009-09-08,99,100,37,41,44,0,0,0,0,0,0
2009-09-09,99,99,37,41,47,0,0,0,0,0,0
2009-09-10,102,97,39,42,47,0,0,0,0,0,0
2009-09-11,101,97,41,43,49,0,0,0,0,0,0
2009-09-12,98,100,42,42,51,0,0,0,0,0,0
2009-09-13,98,102,42,43,51,0,0,0,0,0,0
2009-09-14,102,107,44,42,52,0,0,0,0,0,0
2009-09-15,99,105,46,45,54,0,0,0,0,0,0
2009-09-16,101,108,50,45,54,0,0,0,0,0,0
2009-09-17,101,110,50,42,56,0,0,0,0,0,0
2009-09-18,101,108,51,46,55,0,0,0,0,0,0
2009-09-19,100,111,50,47,55,0,0,0,0,0,0
2009-09-20,100,115,49,46,55,0,0,0,0,0,0
2009-09-21,101,114,49,46,53,0,0,0,0,0,0
2009-09-22,100,115,48,45,53,0,0,0,0,0,0
2009-09-23,100,119,49,46,54,0,0,0,0,0,0
2009-09-24,100,119,50,46,54,0,0,0,0,0,0
2009-09-25,101,121,50,46,54,0,0,0,0,0,0
2009-09-26,103,121,48,46,51,0,0,0,0,0,0
2009-09-27,103,122,49,45,51,0,0,0,0,0,0
2009-09-28,102,124,50,45,52,0,0,0,0,0,0
2009-09-29,99,123,51,48,52,0,0,0,0,0,0
2009-09-30,100,127,51,49,52,0,0,0,0,0,0
2009-10-01,100,131,52,48,50,0,0,0,0,0,0
2009-10-02,100,132,53,48,50,0,0,0,0,0,0
2009-10-03,99,127,53,47,52,0,0,0,0,0,0
2009-10-04,96,124,52,46,51,0,0,0,0,0,0
2009-10-05,98,126,52,47,51,0,0,0,0,0,0
2009-10-06,97,126,48,47,48,0,0,0,0,0,0
2009-10-07,97,127,48,47,49,0,0,0,0,0,0
2009-10-08,97,124,47,46,49,0,0,0,0,0,0
2009-10-09,98,129,47,44,51,0,0,0,0,0,0
2009-10-10,99,131,45,46,52,0,0,0,0,0,0
2009-10-11,100,131,44,42,52,0,0,0,0,0,0
2009-10-12,103,131,44,42,53,0,0,0,0,0,0
2009-10-13,104,133,43,42,55,0,0,0,0,0,0
2009-10-14,102,135,45,40,53,0,0,0,0,0,0
2009-10-15,100,140,41,38,53,0,0,0,0,0,0
2009-10-16,107,142,38,34,54,0,0,0,0,0,0
2009-10-17,110,146,37,33,56,0,0,0,0,0,0
2009-10-18,114,151,39,32,56,0,0,0,0,0,0
2009-10-19,122,154,39,33,56,0,0,0,0,0,0
2009-10-20,128,156,40,32,57,0,0,0,0,0,0
2009-10-21,135,156,41,31,57,0,0,0,0,0,0
2009-10-22,138,164,45,32,58,0,0,0,0,0,0
2009-10-23,140,166,48,30,59,0,0,0,0,0,0
2009-10-24,143,176,48,30,61,0,0,0,0,0,0
2009-10-25,146,175,52,33,57,0,0,0,0,0,0
2009-10-26,151,178,50,30,59,0,0,0,0,0,0
2009-10-27,156,183,52,28,60,0,0,0,0,0,0
2009-10-28,163,185,51,27,61,0,0,0,0,0,0
2009-10-29,164,193,55,29,62,0,0,0,0,0,0
2009-10-30,168,197,59,28,64,0,0,0,0,0,0
2009-10-31,172,205,60,29,63,0,0,0,0,0,0
2009-11-01,173,206,61,28,63,0,0,0,0,0,0
2009-11-02,178,210,62,30,61,0,0,0,0,0,0
2009-11-03,179,210,63,30,62,0,0,0,0,0,0
2009-11-04,189,212,65,31,65,0,0,0,0,0,0
2009-11-05,190,220,65,31,65,10,0,0,0,0,0
2009-11-06,191,219,65,32,65,11,0,0,0,0,0
2009-11-07,197,223,68,32,66,11,0,0,0,0,0
2009-11-08,198,228,66,31,66,12,0,0,0,0,0
2009-11-09,201,230,66,30,66,12,0,0,0,0,0
2009-11-10,204,232,68,29,68,13,0,0,0,0,0
2009-11-12,201,240,72,29,65,12,0,0,0,0,0
2009-11-13,202,240,72,30,64,12,0,0,0,0,0
2009-11-14,202,245,73,30,65,12,0,0,0,0,0
2009-11-15,204,245,75,36,63,16,7,0,0,0,0
2009-11-16,207,240,75,39,63,16,16,0,0,0,0
2009-11-17,206,238,74,35,62,17,18,0,0,0,0
2009-11-18,202,232,75,27,60,16,24,0,0,0,0
2009-11-20,199,227,78,26,63,17,28,0,0,0,0
2009-11-21,185,219,76,25,63,17,29,0,0,0,0
2009-11-22,179,220,75,27,61,17,29,0,0,0,0
2009-11-23,177,219,77,27,60,18,31,0,0,0,0
2009-11-24,179,218,76,35,60,18,37,0,0,0,0
2009-11-25,180,215,76,38,61,17,40,0,0,0,0
2009-11-26,175,212,75,29,61,17,42,0,0,0,0
2009-11-27,178,206,72,28,61,16,41,0,0,0,0
2009-11-28,183,198,70,26,62,17,39,0,0,0,0
2009-11-29,178,196,70,26,61,18,40,0,0,0,0
2009-11-30,177,202,69,24,63,18,39,0,0,0,0
2009-12-01,178,204,71,25,63,16,40,0,0,0,0
2009-12-02,180,205,70,25,63,17,39,0,0,0,0
2009-12-03,176,202,69,25,66,16,38,0,0,0,0
2009-12-04,177,202,69,24,66,16,38,0,0,0,0
2009-12-05,177,202,69,23,66,16,38,0,0,0,0
2009-12-06,179,202,66,23,63,14,38,0,0,0,0
2009-12-07,181,201,65,22,62,14,40,0,0,0,0
2009-12-08,180,202,64,22,62,14,41,0,0,0,0
2009-12-09,181,202,63,22,62,14,43,0,0,0,0
2009-12-10,182,202,63,21,62,13,44,0,0,0,0
2009-12-11,182,204,64,21,62,12,49,0,0,0,0
2009-12-12,192,206,65,20,61,12,53,0,0,0,0
2009-12-13,190,209,65,20,62,13,55,0,0,0,0
2009-12-14,187,205,64,19,62,13,54,0,0,0,0
2009-12-15,177,197,64,23,61,12,51,0,0,0,0
2009-12-16,169,199,65,20,61,11,52,0,0,0,0
2009-12-17,175,195,68,17,63,10,59,0,0,0,0
2009-12-18,175,192,68,17,64,10,61,0,0,0,0
2009-12-19,175,193,67,17,64,10,61,0,0,0,0
2009-12-20,176,193,69,16,64,10,61,0,0,0,0
2009-12-21,175,195,69,16,65,10,62,0,0,0,0
2009-12-22,177,194,71,16,66,10,64,0,0,0,0
2009-12-23,174,192,71,16,61,10,65,0,0,0,0
2009-12-24,176,190,71,16,63,10,65,0,0,0,0
2009-12-25,179,187,71,14,65,10,67,0,0,0,0
2009-12-26,169,183,70,14,66,10,64,0,0,0,0
2009-12-27,166,178,70,14,63,10,63,0,0,0,0
2009-12-29,159,179,69,14,64,10,58,0,0,0,0
2009-12-30,155,180,72,14,63,10,58,0,0,0,0
2009-12-31,152,180,70,14,61,10,59,0,0,0,0
2010-01-01,149,184,71,14,58,10,58,0,0,0,0
2010-01-02,144,177,66,13,55,10,58,0,0,0,0
2010-01-03,145,179,64,13,55,10,58,0,0,0,0
2010-01-04,144,175,61,13,55,10,57,0,0,0,0
2010-01-05,145,171,61,12,55,10,57,0,0,0,0
2010-01-06,147,169,57,12,55,10,57,0,0,0,0
2010-01-07,144,166,57,11,56,10,58,0,0,0,0
2010-01-08,145,160,55,11,55,10,54,0,0,0,0
2010-01-09,148,161,56,11,55,10,54,0,0,0,0
2010-01-10,149,158,59,12,56,10,56,0,0,0,0
2010-01-11,150,156,62,12,55,10,57,0,0,0,0
2010-01-12,154,153,63,12,57,10,57,0,0,0,0
2010-01-13,157,155,65,11,57,10,57,0,0,0,0
2010-01-14,162,154,70,11,58,11,55,0,0,0,0
2010-01-15,170,155,74,8,60,10,55,0,0,0,0
2010-01-16,174,155,74,8,61,10,57,0,0,0,0
2010-01-17,178,153,75,8,62,10,58,0,0,0,0
2010-01-25,181,146,74,8,75,9,61,0,0,0,0
2010-01-26,178,143,71,8,71,9,59,0,0,0,0
2010-01-27,177,141,70,8,72,9,56,0,0,0,0
2010-01-28,180,143,70,8,69,9,58,0,0,0,0
2010-01-29,182,139,70,8,69,9,59,0,0,0,0
2010-01-30,182,135,69,8,69,9,56,0,0,0,0
2010-01-31,182,135,69,9,67,9,54,0,0,0,0
2010-02-01,183,133,72,8,67,9,54,0,0,0,0
2010-02-02,183,134,71,9,69,9,54,0,0,0,0
2010-02-03,183,135,72,9,70,9,54,0,0,0,0
2010-02-04,186,135,72,9,67,9,56,0,0,0,0
2010-02-05,184,133,69,9,68,9,55,0,0,0,0
2010-02-06,188,133,71,9,68,9,54,0,0,0,0
2010-02-07,186,134,71,10,68,9,54,0,0,0,0
2010-02-08,186,135,73,10,68,9,53,0,0,0,0
2010-02-09,191,133,72,13,66,9,54,0,0,0,0
2010-02-10,187,130,72,13,65,9,52,0,0,0,0
2010-02-11,195,129,74,12,66,7,54,0,0,0,0
2010-02-12,197,127,72,12,62,7,57,2,0,0,0
2010-02-13,198,128,71,14,61,7,57,3,0,0,0
2010-02-14,201,127,70,15,63,7,61,3,0,0,0
2010-02-15,206,128,71,25,65,6,59,3,0,0,0
2010-02-16,207,130,69,21,63,7,61,4,7,0,0
2010-02-17,209,126,66,20,62,7,61,7,7,0,0
2010-02-18,210,126,64,20,61,7,60,7,8,0,0
2010-02-19,209,128,65,20,60,6,59,6,8,0,0
2010-02-20,210,130,65,17,60,5,60,4,10,0,0
2010-02-21,208,134,65,17,61,5,58,4,9,0,0
2010-02-22,213,133,66,18,60,5,60,3,10,0,0
2010-02-23,202,130,62,18,59,4,58,3,11,0,0
2010-02-24,198,134,60,16,59,4,57,4,13,0,0
2010-02-25,194,130,59,15,59,4,60,3,13,0,0
2010-02-26,188,125,56,20,57,4,59,3,13,0,0
2010-02-28,181,126,55,21,56,4,57,3,13,0,0
2010-03-01,179,127,54,21,55,4,56,3,13,0,0
2010-03-02,181,129,54,21,53,4,55,3,14,0,0
2010-03-03,178,126,54,21,53,4,58,3,14,0,0
2010-03-04,179,126,54,20,55,4,58,3,15,0,0
2010-03-05,179,123,56,20,56,4,61,3,15,0,0
2010-03-06,177,123,56,20,55,4,61,3,16,0,0
2010-03-07,170,120,54,20,54,4,58,3,17,0,0
2010-03-08,170,119,55,21,52,5,61,3,17,4,0
2010-03-09,168,119,53,21,47,5,63,3,17,9,0
2010-03-10,164,120,52,21,48,6,63,4,17,14,0
2010-03-11,160,118,52,22,45,6,66,4,17,18,0
2010-03-12,162,119,50,22,45,6,64,4,17,20,0
2010-03-13,161,117,52,20,41,6,67,4,16,25,0
2010-03-14,160,119,53,20,41,6,69,5,17,25,0
2010-03-15,158,121,56,19,41,6,68,7,18,26,0
2010-03-16,159,120,51,19,42,6,70,7,18,26,7
2010-03-17,157,120,52,18,42,6,69,7,18,28,8
2010-03-18,153,119,49,18,42,7,69,8,18,27,8
2010-03-19,154,119,50,18,42,7,70,8,18,26,8
2010-03-20,154,124,51,19,40,9,69,7,19,26,9
2010-03-21,156,125,51,14,40,9,70,8,20,26,10
2010-03-22,156,125,50,16,40,9,73,7,20,28,12
2010-03-23,160,126,50,17,40,8,76,6,20,41,3
2010-03-24,162,122,48,17,41,8,77,6,19,45,1
2010-03-25,161,121,52,17,47,8,78,8,18,37,10
2010-03-26,159,120,52,20,43,8,76,9,18,36,12
2010-03-27,157,122,53,19,41,8,78,10,18,35,12
2010-03-28,160,122,53,19,40,8,78,10,18,36,12
2010-03-29,158,123,54,19,39,7,79,11,18,37,12
2010-03-30,156,119,55,19,39,7,79,11,18,37,12
2010-04-01,154,115,54,17,40,7,79,10,18,38,12
2010-04-02,150,115,55,19,38,7,79,11,18,39,12
2010-04-03,151,115,55,19,37,7,72,12,19,38,12
2010-04-04,151,111,54,15,36,7,69,12,19,38,8
2010-04-05,147,110,53,15,36,7,67,12,18,37,8
2010-04-06,149,106,55,16,36,7,67,12,18,38,8
2010-04-07,149,104,55,16,35,7,67,11,18,40,8
2010-04-08,145,103,57,16,34,7,72,9,18,41,10
2010-04-09,150,104,58,16,34,7,74,9,17,42,11
2010-04-10,156,106,61,16,33,7,78,9,18,41,11
2010-04-11,152,106,59,16,33,7,77,9,18,42,12
2010-04-12,157,106,56,16,33,7,76,9,19,42,12
2010-04-13,158,105,53,16,34,7,77,9,18,43,12
2010-04-14,157,105,53,16,34,7,79,9,18,43,14
2010-04-15,162,114,56,16,33,7,71,9,18,42,15
2010-04-16,163,115,62,15,33,7,74,10,18,42,15
2010-04-17,164,117,64,14,35,7,75,8,17,41,15
2010-04-18,166,116,66,14,38,7,76,8,17,42,16
2010-04-19,165,111,65,15,36,7,76,8,17,41,17
2010-04-20,162,111,63,15,36,7,76,7,16,42,18
2010-04-21,160,111,62,15,37,7,77,6,16,42,17
2010-04-22,167,111,62,15,40,7,77,6,16,42,13
2010-04-23,170,111,61,15,43,7,78,5,15,45,12
2010-04-24,170,112,60,14,45,7,76,5,15,47,11
2010-04-25,170,109,58,14,44,6,76,6,13,45,13
2010-04-26,165,105,55,13,42,6,75,6,13,41,16
2010-04-27,159,102,55,13,42,6,73,6,14,41,19
2010-04-28,159,99,55,12,43,6,74,6,13,41,17
2010-04-29,159,98,56,12,43,6,74,6,13,42,18
2010-04-30,159,98,56,13,45,6,78,6,13,43,18
2010-05-01,158,95,55,13,44,5,82,6,14,44,19
2010-05-02,159,94,55,14,46,4,82,6,12,45,19
2010-05-03,161,93,55,12,44,5,82,6,11,45,17
2010-05-04,159,95,56,12,45,5,86,6,12,46,17
2010-05-05,154,95,56,10,47,5,90,6,12,47,16
2010-05-06,154,95,54,10,48,4,89,6,12,45,16
2010-05-07,153,95,50,10,48,3,90,6,11,44,16
2010-05-08,151,93,52,10,49,3,90,6,12,44,15
2010-05-09,153,92,51,10,49,3,90,6,12,40,15
2010-05-10,152,93,49,9,48,3,90,7,12,40,16
2010-05-11,153,91,51,9,48,3,89,7,11,38,15
2010-05-12,154,88,48,9,48,3,89,7,11,39,16
